copy sudoku without title here

_______________________________________________________________________________________________________________________________

#simple
000305060
943180200
060040000
000010000
806000000
095028300
000000000
280003009
030490000

#simple
002057040
030800002
906000080
000480500
060000090
004091000
020000305
300008060
090730400

#medium
804057000
000800040
000104078
900600050
405000603
080005009
520401000
040508000
000390000

#medium
600050000
008010375
002304000
970000000
800105009
000000024
000601900
519030600
000090007

#hard
400905010
590300400
001000000
020700001
014602580
300001040
000000700
007009056
050407009

#hard
009002005
040090030
500700100
900100600
060050070
005006002
003005006
020040080
400300700

#very hard
050000030
800102005
009050400
040806050
003000100
010503090
005060300
600901007
020000040

#very hard
000000090
009002017
040900802
000750001
700208005
200091000
501006070
420500600
030000000

#21 clue
800000000
003600000
070090200
050007000
000045700
000100030
001000068
008500010
090000400

#20 clue
000024080
030000000
002060000
000100305
204000000
000000700
050300100
600500040
000000508

#19 clue
000076400
502000000
000000000
020510300
080300000
670000000
008201000
000000065
000000080

#18 clue
068400000
000007510
000000000
020070000
100000400
000600008
500010000
300000006
000006020

#17 clue
000700000
100000000
000430200
000000006
000509000
000000418
000081000
002000050
040000300

#17 clue
000600071
400070000
000000008
516000000
000030200
080004000
200000430
000100000
000000000

#17 clue
000000072
080600000
010000000
400097000
000000800
300000000
703000040
000180600
000500000

#benchmark sudoku, insanely slow
000000010
000002003
000400000
000000500
401600000
007100000
050000200
000080040
030910000

#sample from .ppt
400000002
080203090
009070800
090302050
007000100
030607040
002030900
060509080
900000006